kinematics:
  shoulder:
    x: 0
    y: 0
    z: 0.08930095414193256
    roll: -0
    pitch: 0
    yaw: -1.411950819182032e-05
  upper_arm:
    x: 0.0001001183845592083
    y: 0
    z: 0
    roll: 1.569812291324392
    pitch: 0
    yaw: -1.98856853146781e-05
  forearm:
    x: -0.4255455512316641
    y: 0
    z: 0
    roll: 0.0002132820101591094
    pitch: 0.001001296721113111
    yaw: 8.224117332521662e-06
  wrist_1:
    x: -0.3924534990240963
    y: -0.001068023227383762
    z: 0.1105031594502333
    roll: 0.009664791291497544
    pitch: -0.0002790497707031607
    yaw: -1.332719508304705e-05
  wrist_2:
    x: -2.637113726960024e-05
    y: -0.09476026348346912
    z: -1.296038917328159e-05
    roll: 1.570933097088858
    pitch: 0
    yaw: -9.128240906597171e-05
  wrist_3:
    x: 0.0001565470056198242
    y: 0.08248955958308291
    z: -1.603066402974013e-05
    roll: 1.570601991124916
    pitch: 3.141592653589793
    yaw: -3.141550695424005
  hash: calib_17113205716872727400